         1     18.96     37.04      10.3       4.7      2.25      5.82   0.08644         1    0.0005
         1     14.15      25.2      12.3       3.9      3.25      5.58   0.08644         1    0.0005
         1      1.07      24.5      14.9       9.5       2.5     10.58   0.08644         1    0.0005
         1      0.99     38.72      15.9       4.6       3.5      6.86   0.08644         1    0.0005
         1      0.75     12.43       7.3       6.5      1.75      6.66   0.08644         1    0.0005
         1      1.83     43.72        19       9.7      2.75     11.56   0.08644         1    0.0005
         1      7.25      8.57      17.1      10.4      2.25     11.74   0.08644         1    0.0005
         1      3.99     21.64      18.1       6.5         3      8.82   0.08644         1    0.0005
         1      15.9     27.52      17.8       9.5      3.25     11.16   0.08644         1    0.0005
         1      15.2     39.99        10       8.7         1      8.96   0.08644         1    0.0005
         1      1.16      9.26      12.9       9.5      1.75     10.18   0.08644         1    0.0005
         1     11.61     30.92      13.4       8.8      1.25      9.72   0.08644         1    0.0005
         1     14.22     24.55      19.9      13.4      2.75      14.7   0.08644         1    0.0005
         1     13.31     19.64      11.6         5       2.5      6.32   0.08644         1    0.0005
         1      11.5     11.41        15       6.9         2      8.52   0.08644         1    0.0005
         1       9.9     22.16      13.3       9.6      1.25     10.34   0.08644         1    0.0005
         1     19.69     41.11      13.7      10.1      1.75     10.82   0.08644         1    0.0005
         1      9.28     26.77      15.1      10.6      1.75      11.5   0.08644         1    0.0005
         1      8.39     38.62      15.8       8.4      2.25      9.88   0.08644         1    0.0005
         1     14.53     21.49      16.3      11.8      2.75      12.7   0.08644         1    0.0005
         1      5.63     30.09      11.2       4.7      1.75         6   0.08644         1    0.0005
         1      8.62     22.81      14.5       7.8      2.25      9.14   0.08644         1    0.0005
         1      7.37      38.6      14.6       9.8       2.5     10.76   0.08644         1    0.0005
         1     13.08      4.97      12.7      10.4      1.25     10.86   0.08644         1    0.0005
         1     16.64     42.95      12.2       3.5      2.75      5.24   0.08644         1    0.0005
         1       8.1     20.25      12.7       5.6       2.5      7.02   0.08644         1    0.0005
         1      0.88     28.18      11.5       8.4      1.75      9.02   0.08644         1    0.0005
         1      1.43     34.87      10.9       6.7      2.25      7.54   0.08644         1    0.0005
         1     14.27     47.06      11.7       6.2       1.5       7.3   0.08644         1    0.0005
         1     11.24     28.12      12.1       8.2       1.5      8.98   0.08644         1    0.0005
         1     14.32     14.91      11.8       8.5       1.5      9.16   0.08644         1    0.0005
         1     10.73      31.9      13.1       8.7         2      9.58   0.08644         1    0.0005
         1      7.15     12.22      13.5       9.6      1.75     10.38   0.08644         1    0.0005
         1  1.00E-02     12.79      14.3       9.6         3     10.54   0.08644         1    0.0005
         1     12.11     32.41      13.7       9.8      2.75     10.58   0.08644         1    0.0005
         1     19.85     26.86      12.9       8.1         3      9.06   0.08644         1    0.0005
         1      5.07      9.07      15.3      10.2      2.25     11.22   0.08644         1    0.0005
         1      1.56     30.96      12.8        11       1.5     11.36   0.08644         1    0.0005
         1      6.69      6.59      14.4         9         2     10.08   0.08644         1    0.0005
         1     15.43      6.59      12.6       9.2         2      9.88   0.08644         1    0.0005
         1      1.62     18.09      13.8       8.5      1.75      9.56   0.08644         1    0.0005
         1      5.81     29.13      12.2       9.3       1.5      9.88   0.08644         1    0.0005
         1      8.37     36.74      12.9         8      1.25      8.98   0.08644         1    0.0005
         1      6.44     23.35      13.5       8.3       1.5      9.34   0.08644         1    0.0005
         1     19.87     22.56      14.4       9.5      2.25     10.48   0.08644         1    0.0005
         1      7.66     26.94      13.1       9.2         2      9.98   0.08644         1    0.0005
         1      4.42     22.12      14.7       9.8         2     10.78   0.08644         1    0.0005
         1     11.85     33.68      14.1       8.5      2.75      9.62   0.08644         1    0.0005
         1     18.56     47.57      11.6       7.8         1      8.56   0.08644         1    0.0005
         1     17.84     24.03        11       8.3      1.25      8.84   0.08644         1    0.0005
         1     12.15     27.14      12.7       8.8      1.75      9.58   0.08644         1    0.0005
         1      6.89     49.19      12.5       7.5       2.5       8.5   0.08644         1    0.0005
         1      6.78     21.05      10.2       4.9      0.75      5.96   0.08644         1    0.0005
         1     18.17      3.84      12.6       8.1         2         9   0.08644         1    0.0005
         1      6.21     49.48      12.7       8.6      1.75      9.42   0.08644         1    0.0005
         1     15.76     18.67      14.8       8.8      2.75        10   0.08644         1    0.0005
         1     15.08      35.3      15.5       7.5         2       9.1   0.08644         1    0.0005
         1     13.19     49.32      13.8       8.7         3      9.72   0.08644         1    0.0005
         1      7.93      6.21      15.1        11      1.25     11.82   0.08644         1    0.0005
         1      0.87     19.44      16.2      10.3      3.25     11.48   0.08644         1    0.0005
         1      8.15  5.00E-02        13       8.2         2      9.16   0.08644         1    0.0005
         1     16.13     32.68      13.7       9.5      2.25     10.34   0.08644         1    0.0005
         1     15.26       8.1      12.8       7.9         3      8.88   0.08644         1    0.0005
         1      3.84     36.15        15      10.5      2.75      11.4   0.08644         1    0.0005
         1      4.04     18.65      16.2       7.6       3.5      9.32   0.08644         1    0.0005
         1     12.35     24.74      14.1      11.1      2.75      11.7   0.08644         1    0.0005
         1      8.33     35.06        14       7.9      2.75      9.12   0.08644         1    0.0005
         1      7.43     30.48      13.6       5.9      2.75      7.44   0.08644         1    0.0005
         1     12.67     44.57        14      10.4       2.5     11.12   0.08644         1    0.0005
         1     17.15     19.21      12.9       8.2         1      9.14   0.08644         1    0.0005
         1      9.67     30.33      14.1      11.3         2     11.86   0.08644         1    0.0005
         1      8.15     44.66      14.3       8.7      1.75      9.82   0.08644         1    0.0005
         1      8.19     20.58      15.6       9.5       2.5     10.72   0.08644         1    0.0005
         1     14.42        17      15.7       7.3         3      8.98   0.08644         1    0.0005
         1     18.37      4.04      14.4       8.9      1.25        10   0.08644         1    0.0005
         1     13.95     21.47      14.6      10.2       2.5     11.08   0.08644         1    0.0005
         1     14.01     41.14      14.9       9.9       1.5      10.9   0.08644         1    0.0005
         1      6.97     31.63      11.6       7.6       2.5       8.4   0.08644         1    0.0005
         1       5.6     43.16      14.2      10.3         2     11.08   0.08644         1    0.0005
         1      8.08     48.29      13.6        11      2.25     11.52   0.08644         1    0.0005
         1     19.88     29.54      15.3        11      2.25     11.86   0.08644         1    0.0005
         1      3.22     24.61      16.5       9.7         2     11.06   0.08644         1    0.0005
         1      9.31     17.05      14.5      10.8      1.75     11.54   0.08644         1    0.0005
         1      7.93      8.13      15.6       8.8         2     10.16   0.08644         1    0.0005
