0	cl	1	spp.	Softwood	Softwoods_(general)	1.0	0.001000	0.100	0.000010	5	1	150	10	0.590154712	52.09529693	0.56776092	0.5	0.0005
10	tf	3	spp.	Abies	fir_spp.	0.75	0.000750	0.300	0.000030	5	1	170	10	0.592342554	25.99949993	0.431405008	0.5	0.0005
11	tf	3	amabilis	Abies	Pacific_silver_fir	0.75	0.000750	0.300	0.000030	5	1	170	10	0.592342554	25.99949993	0.431405008	0.5	0.0005
12	tf	3	balsamea	Abies	balsam_fir	0.75	0.000750	0.300	0.000030	5	1	170	10	0.592342554	25.99949993	0.431405008	0.5	0.0005
14	tf	3	bracteata	Abies	Santa_Lucia_or_bristlecone_fir	0.75	0.000750	0.300	0.000030	5	1	170	10	0.592342554	25.99949993	0.431405008	0.5	0.0005
15	tf	3	concolor	Abies	white_fir	0.75	0.000750	0.300	0.000030	5	1	170	10	0.592342554	25.99949993	0.431405008	0.5	0.0005
16	tf	3	fraseri	Abies	Fraser_fir	0.75	0.000750	0.300	0.000030	5	1	170	10	0.592342554	25.99949993	0.431405008	0.5	0.0005
17	tf	3	grandis	Abies	grand_fir	0.75	0.000750	0.300	0.000030	5	1	170	10	0.592342554	25.99949993	0.431405008	0.5	0.0005
18	tf	3	lasiocarpa	Abies	corkbark_fir	0.75	0.000750	0.300	0.000030	5	1	170	10	0.592342554	25.99949993	0.431405008	0.5	0.0005
19	tf	3	lasiocarpa	Abies	subalpine_fir	0.75	0.000750	0.300	0.000030	5	1	170	10	0.592342554	25.99949993	0.431405008	0.5	0.0005
20	tf	3	magnifica	Abies	California_red_fir	0.75	0.000750	0.300	0.000030	5	1	170	10	0.592342554	25.99949993	0.431405008	0.5	0.0005
21	tf	3	shastensis	Abies	Shasta_red_fir	0.75	0.000750	0.300	0.000030	5	1	170	10	0.592342554	25.99949993	0.431405008	0.5	0.0005
22	tf	3	procera	Abies	noble_fir	0.75	0.000750	0.300	0.000030	5	1	170	10	0.592342554	25.99949993	0.431405008	0.5	0.0005
41	cl	1	lawsoniana	Chamaecyparis	Port-Orford-cedar	1.0	0.001000	0.100	0.000010	5	1	150	10	0.590154712	52.09529693	0.56776092	0.5	0.0005
42	cl	1	nootkatensis	Chamaecyparis	Alaska_yellow-cedar	1.0	0.001000	0.100	0.000010	5	1	150	10	0.590154712	52.09529693	0.56776092	0.5	0.0005
43	cl	1	thyoides	Chamaecyparis	Atlantic_white-cedar	1.0	0.001000	0.100	0.000010	5	1	150	10	0.590154712	52.09529693	0.56776092	0.5	0.0005
50	wo	10	spp.	Cupressus	cypress	5.0	0.005000	0.020	0.000002	1	1	120	10	0.589279575	260.6698292	0.8490006	0.5	0.0005
51	wo	10	arizonica	Cupressus	Arizona_cypress	5.0	0.005000	0.020	0.000002	1	1	120	10	0.589279575	260.6698292	0.8490006	0.5	0.0005
58	wo	10	pinchotii	Juniperus	Pinchot_juniper	5.0	0.005000	0.020	0.000002	1	1	120	10	0.589279575	260.6698292	0.8490006	0.5	0.0005
59	wo	10	coahuilensis	Juniperus	redberry_juniper	5.0	0.005000	0.020	0.000002	1	1	120	10	0.589279575	260.6698292	0.8490006	0.5	0.0005
60	wo	10	flaccida	Juniperus	Drooping_juniper	5.0	0.005000	0.020	0.000002	1	1	120	10	0.589279575	260.6698292	0.8490006	0.5	0.0005
62	wo	10	californica	Juniperus	California_juniper	5.0	0.005000	0.020	0.000002	1	1	120	10	0.589279575	260.6698292	0.8490006	0.5	0.0005
63	wo	10	deppeana	Juniperus	alligator_juniper	5.0	0.005000	0.020	0.000002	1	1	120	10	0.589279575	260.6698292	0.8490006	0.5	0.0005
64	wo	10	occidentalis	Juniperus	western_juniper	5.0	0.005000	0.020	0.000002	1	1	120	10	0.589279575	260.6698292	0.8490006	0.5	0.0005
65	wo	10	osteosperma	Juniperus	Utah_juniper	5.0	0.005000	0.020	0.000002	1	1	120	10	0.589279575	260.6698292	0.8490006	0.5	0.0005
66	wo	10	scopulorum	Juniperus	Rocky_Mountain_juniper	5.0	0.005000	0.020	0.000002	1	1	120	10	0.589279575	260.6698292	0.8490006	0.5	0.0005
67	cl	1	virginiana	Juniperus	southern_redcedar	1.0	0.001000	0.100	0.000010	5	1	150	10	0.590154712	52.09529693	0.56776092	0.5	0.0005
68	cl	1	virginiana	Juniperus	eastern_redcedar	1.0	0.001000	0.100	0.000010	5	1	150	10	0.590154712	52.09529693	0.56776092	0.5	0.0005
69	wo	10	monosperma	Juniperus	oneseed_juniper	5.0	0.005000	0.020	0.000002	1	1	120	10	0.589279575	260.6698292	0.8490006	0.5	0.0005
70	cl	1	spp.	Larix	larch_spp.	1.0	0.001000	0.100	0.000010	5	1	150	10	0.590154712	52.09529693	0.56776092	0.5	0.0005
71	cl	1	laricina	Larix	tamarack	1.0	0.001000	0.100	0.000010	5	1	150	10	0.590154712	52.09529693	0.56776092	0.5	0.0005
72	cl	1	lyallii	Larix	subalpine_larch	1.0	0.001000	0.100	0.000010	5	1	150	10	0.590154712	52.09529693	0.56776092	0.5	0.0005
73	cl	1	occidentalis	Larix	western_larch	1.0	0.001000	0.100	0.000010	5	1	150	10	0.590154712	52.09529693	0.56776092	0.5	0.0005
81	cl	1	decurrens	Calocedrus	incense-cedar	1.0	0.001000	0.100	0.000010	5	1	150	10	0.590154712	52.09529693	0.56776092	0.5	0.0005
90	sp	5	spp.	Picea	spruce_spp.	0.75	0.000750	0.250	0.000025	5	1	140	10	0.591795593	28.49418379	0.451523641	0.5	0.0005
91	sp	5	abies	Picea	Norway_spruce	0.75	0.000750	0.250	0.000025	5	1	140	10	0.591795593	28.49418379	0.451523641	0.5	0.0005
92	sp	5	breweriana	Picea	Brewer_spruce	0.75	0.000750	0.250	0.000025	5	1	140	10	0.591795593	28.49418379	0.451523641	0.5	0.0005
93	sp	5	engelmannii	Picea	Engelmann_spruce	0.75	0.000750	0.250	0.000025	5	1	140	10	0.591795593	28.49418379	0.451523641	0.5	0.0005
94	sp	5	glauca	Picea	white_spruce	0.75	0.000750	0.250	0.000025	5	1	140	10	0.591795593	28.49418379	0.451523641	0.5	0.0005
95	sp	5	mariana	Picea	black_spruce	0.75	0.000750	0.250	0.000025	5	1	140	10	0.591795593	28.49418379	0.451523641	0.5	0.0005
96	sp	5	pungens	Picea	blue_spruce	0.75	0.000750	0.250	0.000025	5	1	140	10	0.591795593	28.49418379	0.451523641	0.5	0.0005
97	sp	5	rubens	Picea	red_spruce	0.75	0.000750	0.250	0.000025	5	1	140	10	0.591795593	28.49418379	0.451523641	0.5	0.0005
98	sp	5	sitchensis	Picea	Sitka_spruce	0.75	0.000750	0.250	0.000025	5	1	140	10	0.591795593	28.49418379	0.451523641	0.5	0.0005
101	pi	4	albicaulis	Pinus	whitebark_pine	0.5	0.000500	0.500	0.000050	3	1	120	10	0.594530395	16.413244	0.379684611	0.5	0.0005
102	pi	4	aristata	Pinus	Rocky_Mountain_bristlecone_pine	0.5	0.000500	0.500	0.000050	3	1	120	10	0.594530395	16.413244	0.379684611	0.5	0.0005
103	pi	4	attenuata	Pinus	knobcone_pine	0.5	0.000500	0.500	0.000050	3	1	120	10	0.594530395	16.413244	0.379684611	0.5	0.0005
104	pi	4	balfouriana	Pinus	foxtail_pine	0.5	0.000500	0.500	0.000050	3	1	120	10	0.594530395	16.413244	0.379684611	0.5	0.0005
105	pi	4	banksiana	Pinus	jack_pine	0.5	0.000500	0.500	0.000050	3	1	120	10	0.594530395	16.413244	0.379684611	0.5	0.0005
106	pi	4	edulis	Pinus	common_or_two-needle_pinyon	0.5	0.000500	0.500	0.000050	3	1	120	10	0.594530395	16.413244	0.379684611	0.5	0.0005
107	pi	4	clausa	Pinus	sand_pine	0.5	0.000500	0.500	0.000050	3	1	120	10	0.594530395	16.413244	0.379684611	0.5	0.0005
108	pi	4	contorta	Pinus	lodgepole_pine	0.5	0.000500	0.500	0.000050	3	1	120	10	0.594530395	16.413244	0.379684611	0.5	0.0005
109	pi	4	coulteri	Pinus	Coulter_pine	0.5	0.000500	0.500	0.000050	3	1	120	10	0.594530395	16.413244	0.379684611	0.5	0.0005
110	pi	4	echinata	Pinus	shortleaf_pine	0.5	0.000500	0.500	0.000050	3	1	120	10	0.594530395	16.413244	0.379684611	0.5	0.0005
111	pi	4	elliottii	Pinus	slash_pine	0.5	0.000500	0.500	0.000050	3	1	120	10	0.594530395	16.413244	0.379684611	0.5	0.0005
112	pi	4	engelmannii	Pinus	Apache_pine	0.5	0.000500	0.500	0.000050	3	1	120	10	0.594530395	16.413244	0.379684611	0.5	0.0005
113	pi	4	flexilis	Pinus	limber_pine	0.5	0.000500	0.500	0.000050	3	1	120	10	0.594530395	16.413244	0.379684611	0.5	0.0005
114	pi	4	strobiformis	Pinus	southwestern_white_pine 	0.5	0.000500	0.500	0.000050	3	1	120	10	0.594530395	16.413244	0.379684611	0.5	0.0005
115	pi	4	glabra	Pinus	spruce_pine	0.5	0.000500	0.500	0.000050	3	1	120	10	0.594530395	16.413244	0.379684611	0.5	0.0005
116	pi	4	jeffreyi	Pinus	Jeffrey_pine	0.5	0.000500	0.500	0.000050	3	1	120	10	0.594530395	16.413244	0.379684611	0.5	0.0005
117	pi	4	lambertiana	Pinus	sugar_pine	0.5	0.000500	0.500	0.000050	3	1	120	10	0.594530395	16.413244	0.379684611	0.5	0.0005
118	pi	4	leiophylla	Pinus	Chihuahuan_pine	0.5	0.000500	0.500	0.000050	3	1	120	10	0.594530395	16.413244	0.379684611	0.5	0.0005
119	pi	4	monticola	Pinus	western_white_pine	0.5	0.000500	0.500	0.000050	3	1	120	10	0.594530395	16.413244	0.379684611	0.5	0.0005
120	pi	4	muricata	Pinus	bishop_pine	0.5	0.000500	0.500	0.000050	3	1	120	10	0.594530395	16.413244	0.379684611	0.5	0.0005
121	pi	4	palustris	Pinus	longleaf_pine	0.5	0.000500	0.500	0.000050	2	1	120	10	0.594530395	16.413244	0.379684611	0.5	0.0005
122	pi	4	ponderosa	Pinus	ponderosa_pine	0.5	0.000500	0.500	0.000050	3	1	120	10	0.594530395	16.413244	0.379684611	0.5	0.0005
123	pi	4	pungens	Pinus	Table_Mountain_pine	0.5	0.000500	0.500	0.000050	3	1	120	10	0.594530395	16.413244	0.379684611	0.5	0.0005
124	pi	4	radiata	Pinus	Monterey_pine	0.5	0.000500	0.500	0.000050	3	1	120	10	0.594530395	16.413244	0.379684611	0.5	0.0005
125	pi	4	resinosa	Pinus	red_pine	0.5	0.000500	0.500	0.000050	3	1	120	10	0.594530395	16.413244	0.379684611	0.5	0.0005
126	pi	4	rigida	Pinus	pitch_pine	0.5	0.000500	0.500	0.000050	3	1	120	10	0.594530395	16.413244	0.379684611	0.5	0.0005
127	pi	4	sabiniana	Pinus	gray_or_California_foothill_pine	0.5	0.000500	0.500	0.000050	3	1	120	10	0.594530395	16.413244	0.379684611	0.5	0.0005
128	pi	4	serotina	Pinus	pond_pine	0.5	0.000500	0.500	0.000050	3	1	120	10	0.594530395	16.413244	0.379684611	0.5	0.0005
129	pi	4	strobus	Pinus	eastern_white_pine	0.5	0.000500	0.500	0.000050	3	1	120	10	0.594530395	16.413244	0.379684611	0.5	0.0005
130	pi	4	sylvestris	Pinus	Scotch_pine	0.5	0.000500	0.500	0.000050	3	1	120	10	0.594530395	16.413244	0.379684611	0.5	0.0005
131	pi	4	taeda	Pinus	loblolly_pine	0.5	0.000500	0.500	0.000050	3	1	120	10	0.594530395	16.413244	0.379684611	0.5	0.0005
132	pi	4	virginiana	Pinus	Virginia_pine	0.5	0.000500	0.500	0.000050	3	1	120	10	0.594530395	16.413244	0.379684611	0.5	0.0005
133	pi	4	monophylla	Pinus	singleleaf_pinyon	0.5	0.000500	0.500	0.000050	3	1	120	10	0.594530395	16.413244	0.379684611	0.5	0.0005
133	pi	4	monophylla	Pinus	singleleaf_pinyon	0.5	0.000500	0.500	0.000050	3	1	120	10	0.594530395	16.413244	0.379684611	0.5	0.0005
134	pi	4	discolor	Pinus	border_pinyon	0.5	0.000500	0.500	0.000050	3	1	120	10	0.594530395	16.413244	0.379684611	0.5	0.0005
135	pi	4	arizonica	Pinus	Arizona_pine	0.5	0.000500	0.500	0.000050	3	1	120	10	0.594530395	16.413244	0.379684611	0.5	0.0005
201	df	2	macrocarpa	Pseudotsuga	bigcone_Douglas-fir	0.75	0.000750	1.000	0.000100	5	1	150	10	0.6	14.14934916	0.319275428	0.5	0.0002
202	df	2	menziesii	Pseudotsuga	Douglas-fir	0.75	0.000750	1.000	0.000100	5	1	150	10	0.6	14.14934916	0.319275428	0.5	0.0002
211	cl	1	sempervirens	Sequoia	redwood	1.0	0.001000	0.100	0.000010	5	1	150	10	0.590154712	52.09529693	0.56776092	0.5	0.0005
212	cl	1	giganteum	Sequoiadendron	giant_sequoia	1.0	0.001000	0.100	0.000010	5	1	150	10	0.590154712	52.09529693	0.56776092	0.5	0.0005
221	cl	1	distichum	Taxodium	baldcypress	1.0	0.001000	0.100	0.000010	5	1	150	10	0.590154712	52.09529693	0.56776092	0.5	0.0005
222	cl	1	ascendens	Taxodium	pondcypress	1.0	0.001000	0.100	0.000010	5	1	150	10	0.590154712	52.09529693	0.56776092	0.5	0.0005
231	tf	3	brevifolia	Taxus	Pacific_yew	0.75	0.000750	0.300	0.000030	5	1	170	10	0.592342554	25.99949993	0.431405008	0.5	0.0005
241	cl	1	occidentalis	Thuja	northern_white-cedar	1.0	0.001000	0.100	0.000010	5	1	150	10	0.590154712	52.09529693	0.56776092	0.5	0.0005
242	cl	1	plicata	Thuja	western_redcedar	1.0	0.001000	0.100	0.000010	5	1	150	10	0.590154712	52.09529693	0.56776092	0.5	0.0005
251	tf	3	californica	Torreya	California_torreya_(nutmeg)	0.75	0.000750	0.300	0.000030	5	1	170	10	0.592342554	25.99949993	0.431405008	0.5	0.0005
260	tf	3	spp.	Tsuga	hemlock_spp.	0.75	0.000750	0.300	0.000030	5	1	170	10	0.592342554	25.99949993	0.431405008	0.5	0.0005
261	tf	3	canadensis	Tsuga	eastern_hemlock	0.75	0.000750	0.300	0.000030	5	1	170	10	0.592342554	25.99949993	0.431405008	0.5	0.0005
262	tf	3	caroliniana	Tsuga	Carolina_hemlock	0.75	0.000750	0.300	0.000030	5	1	170	10	0.592342554	25.99949993	0.431405008	0.5	0.0005
263	tf	3	heterophylla	Tsuga	western_hemlock	0.75	0.000750	0.300	0.000030	5	1	170	10	0.592342554	25.99949993	0.431405008	0.5	0.0005
264	tf	3	mertensiana	Tsuga	mountain_hemlock	0.75	0.000750	0.300	0.000030	5	1	170	10	0.592342554	25.99949993	0.431405008	0.5	0.0005
300	wo	10	spp.	Acacia	acacia_spp.	5.0	0.005000	0.020	0.000002	1	1	120	10	0.589279575	260.6698292	0.8490006	0.5	0.0005
311	mb	7	barbatum	Acer	Florida_maple	5.0	0.005000	130.000	0.013000	1	1	110	10	2.011157993	1.750135558	0.094553946	0.5	0.0002
312	mb	7	macrophyllum	Acer	bigleaf_maple	5.0	0.005000	130.000	0.013000	1	1	110	10	2.011157993	1.750135558	0.094553946	0.5	0.0002
313	mb	7	negundo	Acer	boxelder	5.0	0.005000	130.000	0.013000	1	1	110	10	2.011157993	1.750135558	0.094553946	0.5	0.0002
314	mo	9	nigrum	Acer	black_maple	5.0	0.005000	168.000	0.016800	1	1	110	10	2.426847945	1.401491717	0.088682551	0.5	0.0002
315	mb	7	pensylvanicum	Acer	striped_maple	5.0	0.005000	130.000	0.013000	1	1	110	10	2.011157993	1.750135558	0.094553946	0.5	0.0002
316	mb	7	rubrum	Acer	red_maple	5.0	0.005000	130.000	0.013000	1	1	110	10	2.011157993	1.750135558	0.094553946	0.5	0.0002
317	mb	7	saccharinum	Acer	silver_maple	5.0	0.005000	130.000	0.013000	1	1	110	10	2.011157993	1.750135558	0.094553946	0.5	0.0002
318	mo	9	saccharum	Acer	sugar_maple	5.0	0.005000	168.000	0.016800	1	1	110	10	2.426847945	1.401491717	0.088682551	0.5	0.0002
319	mb	7	spicatum	Acer	mountain_maple	5.0	0.005000	130.000	0.013000	1	1	110	10	2.011157993	1.750135558	0.094553946	0.5	0.0002
321	wo	10	glabrum	Acer	Rocky_Mountain_maple	5.0	0.005000	0.020	0.000002	1	1	120	10	0.589279575	260.6698292	0.8490006	0.5	0.0005
322	wo	10	grandidentatum	Acer	bigtooth_maple	5.0	0.005000	0.020	0.000002	1	1	120	10	0.589279575	260.6698292	0.8490006	0.5	0.0005
330	mh	8	spp.	Aesculus	buckeye_horsechestnut_spp.	5.0	0.005000	26.300	0.002630	1	1	100	10	0.876761994	5.893153145	0.140986185	0.5	0.0002
331	mh	8	glabra	Aesculus	Ohio_buckeye	5.0	0.005000	26.300	0.002630	1	1	100	10	0.876761994	5.893153145	0.140986185	0.5	0.0002
332	mh	8	flava	Aesculus	yellow_buckeye	5.0	0.005000	26.300	0.002630	1	1	100	10	0.876761994	5.893153145	0.140986185	0.5	0.0002
333	mh	8	californica	Aesculus	California_buckeye	5.0	0.005000	26.300	0.002630	1	1	100	10	0.876761994	5.893153145	0.140986185	0.5	0.0002
341	mh	8	altissima	Ailanthus	ailanthus	5.0	0.005000	26.300	0.002630	1	1	100	10	0.876761994	5.893153145	0.140986185	0.5	0.0002
351	aa	6	rubra	Alnus	red_alder	10.0	0.010000	102.500	0.010250	5	1	120	10	1.710329739	3.022592503	0.100342411	0.5	0.0002
352	aa	6	rhombifolia	Alnus	white_alder	10.0	0.010000	102.500	0.010250	5	1	120	10	1.710329739	3.022592503	0.100342411	0.5	0.0002
355	mh	8	glutinosa	Alnus	European_alder	5.0	0.005000	26.300	0.002630	1	1	100	10	0.876761994	5.893153145	0.140986185	0.5	0.0002
361	mh	8	menziesii	Arbutus	Pacific_madrone	5.0	0.005000	26.300	0.002630	1	1	100	10	0.876761994	5.893153145	0.140986185	0.5	0.0002
367	mh	8	triloba	Asimina	pawpaw	5.0	0.005000	26.300	0.002630	1	1	100	10	0.876761994	5.893153145	0.140986185	0.5	0.0002
370	mb	7	spp.	Betula	birch_spp.	5.0	0.005000	130.000	0.013000	1	1	110	10	2.011157993	1.750135558	0.094553946	0.5	0.0002
371	mb	7	alleghaniensis	Betula	yellow_birch	5.0	0.005000	130.000	0.013000	1	1	110	10	2.011157993	1.750135558	0.094553946	0.5	0.0002
372	mb	7	lenta	Betula	sweet_birch	5.0	0.005000	130.000	0.013000	1	1	110	10	2.011157993	1.750135558	0.094553946	0.5	0.0002
373	mb	7	nigra	Betula	river_birch	5.0	0.005000	130.000	0.013000	1	1	110	10	2.011157993	1.750135558	0.094553946	0.5	0.0002
374	mb	7	occidentalis	Betula	water_birch	5.0	0.005000	130.000	0.013000	1	1	110	10	2.011157993	1.750135558	0.094553946	0.5	0.0002
375	mb	7	papyrifera	Betula	paper_birch	5.0	0.005000	130.000	0.013000	1	1	110	10	2.011157993	1.750135558	0.094553946	0.5	0.0002
376	mb	7	neoalaskana	Betula	resin_birch	5.0	0.005000	130.000	0.013000	1	1	110	10	2.011157993	1.750135558	0.094553946	0.5	0.0002
379	mb	7	populifolia	Betula	gray_birch	5.0	0.005000	130.000	0.013000	1	1	110	10	2.011157993	1.750135558	0.094553946	0.5	0.0002
381	mh	8	lanuginosum	Sideroxylon	chittamwood_gum_bumelia	5.0	0.005000	26.300	0.002630	1	1	100	10	0.876761994	5.893153145	0.140986185	0.5	0.0002
391	mh	8	caroliniana	Carpinus	American_hornbeam_musclewood	5.0	0.005000	26.300	0.002630	1	1	100	10	0.876761994	5.893153145	0.140986185	0.5	0.0002
400	mo	9	spp.	Carya	hickory_spp.	5.0	0.005000	168.000	0.016800	1	1	110	10	2.426847945	1.401491717	0.088682551	0.5	0.0002
401	mo	9	aquatica	Carya	water_hickory	5.0	0.005000	168.000	0.016800	1	1	110	10	2.426847945	1.401491717	0.088682551	0.5	0.0002
402	mo	9	cordiformis	Carya	bitternut_hickory	5.0	0.005000	168.000	0.016800	1	1	110	10	2.426847945	1.401491717	0.088682551	0.5	0.0002
403	mo	9	glabra	Carya	pignut_hickory	5.0	0.005000	168.000	0.016800	1	1	110	10	2.426847945	1.401491717	0.088682551	0.5	0.0002
404	mo	9	illinoinensis	Carya	pecan	5.0	0.005000	168.000	0.016800	1	1	110	10	2.426847945	1.401491717	0.088682551	0.5	0.0002
405	mo	9	laciniosa	Carya	shellbark_hickory	5.0	0.005000	168.000	0.016800	1	1	110	10	2.426847945	1.401491717	0.088682551	0.5	0.0002
407	mo	9	ovata	Carya	shagbark_hickory	5.0	0.005000	168.000	0.016800	1	1	110	10	2.426847945	1.401491717	0.088682551	0.5	0.0002
408	mo	9	texana	Carya	black_hickory	5.0	0.005000	168.000	0.016800	1	1	110	10	2.426847945	1.401491717	0.088682551	0.5	0.0002
408	mo	9	texana	Carya	black_hickory	5.0	0.005000	168.000	0.016800	1	1	110	10	2.426847945	1.401491717	0.088682551	0.5	0.0002
409	mo	9	alba	Carya	mockernut_hickory	5.0	0.005000	168.000	0.016800	1	1	110	10	2.426847945	1.401491717	0.088682551	0.5	0.0002
421	mh	8	dentata	Castanea	American_chestnut	5.0	0.005000	26.300	0.002630	1	1	100	10	0.876761994	5.893153145	0.140986185	0.5	0.0002
422	mh	8	pumila	Castanea	Allegheny_chinkapin	5.0	0.005000	26.300	0.002630	1	1	100	10	0.876761994	5.893153145	0.140986185	0.5	0.0002
423	mh	8	pumila	Castanea	Ozark_chinkapin	5.0	0.005000	26.300	0.002630	1	1	100	10	0.876761994	5.893153145	0.140986185	0.5	0.0002
430	mh	8	?	?	Chinkapin	5.0	0.005000	26.300	0.002630	1	1	100	10	0.876761994	5.893153145	0.140986185	0.5	0.0002
431	mh	8	chrysophylla	Chrysolepis	giant_chinkapin_golden_chinkapin	5.0	0.005000	26.300	0.002630	1	1	100	10	0.876761994	5.893153145	0.140986185	0.5	0.0002
450	mh	8	spp.	Catalpa	catalpa_spp.	5.0	0.005000	26.300	0.002630	1	1	100	10	0.876761994	5.893153145	0.140986185	0.5	0.0002
451	mh	8	bignonioides	Catalpa	southern_catalpa	5.0	0.005000	26.300	0.002630	1	1	100	10	0.876761994	5.893153145	0.140986185	0.5	0.0002
452	mh	8	speciosa	Catalpa	northern_catalpa	5.0	0.005000	26.300	0.002630	1	1	100	10	0.876761994	5.893153145	0.140986185	0.5	0.0002
460	mh	8	spp.	Celtis	hackberry_spp.	5.0	0.005000	26.300	0.002630	1	1	100	10	0.876761994	5.893153145	0.140986185	0.5	0.0002
461	mh	8	laevigata	Celtis	sugarberry	5.0	0.005000	26.300	0.002630	1	1	100	10	0.876761994	5.893153145	0.140986185	0.5	0.0002
462	mh	8	occidentalis	Celtis	hackberry	5.0	0.005000	26.300	0.002630	1	1	100	10	0.876761994	5.893153145	0.140986185	0.5	0.0002
471	mh	8	canadensis	Cercis	eastern_redbud	5.0	0.005000	26.300	0.002630	1	1	100	10	0.876761994	5.893153145	0.140986185	0.5	0.0002
475	wo	10	ledifolius	Cercocarpus	curlleaf_mountain-mahogany	5.0	0.005000	0.020	0.000002	1	1	120	10	0.589279575	260.6698292	0.8490006	0.5	0.0005
476	wo	10	montanus	Cercocarpus	True_mountain-mahogany	5.0	0.005000	0.020	0.000002	1	1	120	10	0.589279575	260.6698292	0.8490006	0.5	0.0005
477	wo	10	montanus_var._pauciden	Cercocarpus	Hairy_mountain-mahogany	5.0	0.005000	0.020	0.000002	1	1	120	10	0.589279575	260.6698292	0.8490006	0.5	0.0005
478	wo	10	montanus_var._glaber	Cercocarpus	Birchleaf_mountain-mahogany	5.0	0.005000	0.020	0.000002	1	1	120	10	0.589279575	260.6698292	0.8490006	0.5	0.0005
479	wo	10	intricatus	Cercocarpus	Littleleaf_mountain-mahogany	5.0	0.005000	0.020	0.000002	1	1	120	10	0.589279575	260.6698292	0.8490006	0.5	0.0005
491	mh	8	florida	Cornus	flowering_dogwood	5.0	0.005000	26.300	0.002630	1	1	100	10	0.876761994	5.893153145	0.140986185	0.5	0.0002
492	mh	8	nuttallii	Cornus	Pacific_dogwood	5.0	0.005000	26.300	0.002630	1	1	100	10	0.876761994	5.893153145	0.140986185	0.5	0.0002
500	mh	8	spp.	Crataegus	hawthorn_spp.	5.0	0.005000	26.300	0.002630	1	1	100	10	0.876761994	5.893153145	0.140986185	0.5	0.0002
510	mh	8	spp.	Eucalyptus	eucalyptus_spp.	5.0	0.005000	26.300	0.002630	1	1	100	10	0.876761994	5.893153145	0.140986185	0.5	0.0002
521	mh	8	virginiana	Diospyros	common_persimmon	5.0	0.005000	26.300	0.002630	1	1	100	10	0.876761994	5.893153145	0.140986185	0.5	0.0002
531	mo	9	grandifolia	Fagus	American_beech	5.0	0.005000	168.000	0.016800	1	1	110	10	2.426847945	1.401491717	0.088682551	0.5	0.0002
540	mh	8	spp.	Fraxinus	ash_spp.	5.0	0.005000	26.300	0.002630	1	1	100	10	0.876761994	5.893153145	0.140986185	0.5	0.0002
541	mh	8	americana	Fraxinus	white_ash	5.0	0.005000	26.300	0.002630	1	1	100	10	0.876761994	5.893153145	0.140986185	0.5	0.0002
542	mh	8	latifolia	Fraxinus	Oregon_ash	5.0	0.005000	26.300	0.002630	1	1	100	10	0.876761994	5.893153145	0.140986185	0.5	0.0002
543	mh	8	nigra	Fraxinus	black_ash	5.0	0.005000	26.300	0.002630	1	1	100	10	0.876761994	5.893153145	0.140986185	0.5	0.0002
544	mh	8	pennsylvanica	Fraxinus	green_ash	5.0	0.005000	26.300	0.002630	1	1	100	10	0.876761994	5.893153145	0.140986185	0.5	0.0002
545	mh	8	profunda	Fraxinus	pumpkin_ash	5.0	0.005000	26.300	0.002630	1	1	100	10	0.876761994	5.893153145	0.140986185	0.5	0.0002
546	mh	8	quadrangulata	Fraxinus	blue_ash	5.0	0.005000	26.300	0.002630	1	1	100	10	0.876761994	5.893153145	0.140986185	0.5	0.0002
551	mh	8	aquatica	Gleditsia	waterlocust	5.0	0.005000	26.300	0.002630	1	1	100	10	0.876761994	5.893153145	0.140986185	0.5	0.0002
552	mh	8	triacanthos	Gleditsia	honeylocust	5.0	0.005000	26.300	0.002630	1	1	100	10	0.876761994	5.893153145	0.140986185	0.5	0.0002
555	mh	8	lasianthus	Gordonia	loblolly-bay	5.0	0.005000	26.300	0.002630	1	1	100	10	0.876761994	5.893153145	0.140986185	0.5	0.0002
571	mh	8	dioicus	Gymnocladus	Kentucky_coffeetree	5.0	0.005000	26.300	0.002630	1	1	100	10	0.876761994	5.893153145	0.140986185	0.5	0.0002
580	mh	8	spp.	Halesia	silverbell_spp.	5.0	0.005000	26.300	0.002630	1	1	100	10	0.876761994	5.893153145	0.140986185	0.5	0.0002
591	mh	8	opaca	Ilex	American_holly	5.0	0.005000	26.300	0.002630	1	1	100	10	0.876761994	5.893153145	0.140986185	0.5	0.0002
600	mh	8	?	?	Walnut	5.0	0.005000	26.300	0.002630	1	1	100	10	0.876761994	5.893153145	0.140986185	0.5	0.0002
601	mh	8	cinerea	Juglans	butternut	5.0	0.005000	26.300	0.002630	1	1	100	10	0.876761994	5.893153145	0.140986185	0.5	0.0002
602	mh	8	nigra	?	Black_walnut	5.0	0.005000	26.300	0.002630	1	1	100	10	0.876761994	5.893153145	0.140986185	0.5	0.0002
611	mh	8	styraciflua	Liquidambar	sweetgum	5.0	0.005000	26.300	0.002630	1	1	100	10	0.876761994	5.893153145	0.140986185	0.5	0.0002
621	mh	8	tulipifera	Liriodendron	yellow-poplar	5.0	0.005000	26.300	0.002630	1	1	100	10	0.876761994	5.893153145	0.140986185	0.5	0.0002
631	mh	8	densiflorus	Lithocarpus	tanoak	5.0	0.005000	26.300	0.002630	1	1	100	10	0.876761994	5.893153145	0.140986185	0.5	0.0002
641	mh	8	pomifera	Maclura	Osage-orange	5.0	0.005000	26.300	0.002630	1	1	100	10	0.876761994	5.893153145	0.140986185	0.5	0.0002
650	mh	8	spp.	Magnolia	magnolia_spp.	5.0	0.005000	26.300	0.002630	1	1	100	10	0.876761994	5.893153145	0.140986185	0.5	0.0002
651	mh	8	acuminata	Magnolia	cucumbertree	5.0	0.005000	26.300	0.002630	1	1	100	10	0.876761994	5.893153145	0.140986185	0.5	0.0002
652	mh	8	grandiflora	Magnolia	southern_magnolia	5.0	0.005000	26.300	0.002630	1	1	100	10	0.876761994	5.893153145	0.140986185	0.5	0.0002
653	mh	8	virginiana	Magnolia	sweetbay	5.0	0.005000	26.300	0.002630	1	1	100	10	0.876761994	5.893153145	0.140986185	0.5	0.0002
654	mh	8	macrophylla	Magnolia	bigleaf_magnolia	5.0	0.005000	26.300	0.002630	1	1	100	10	0.876761994	5.893153145	0.140986185	0.5	0.0002
660	mh	8	spp.	Malus	apple_spp.	5.0	0.005000	26.300	0.002630	1	1	100	10	0.876761994	5.893153145	0.140986185	0.5	0.0002
680	mh	8	spp.	Morus	mulberry_spp.	5.0	0.005000	26.300	0.002630	1	1	100	10	0.876761994	5.893153145	0.140986185	0.5	0.0002
681	mh	8	alba	Morus	white_mulberry	5.0	0.005000	26.300	0.002630	1	1	100	10	0.876761994	5.893153145	0.140986185	0.5	0.0002
682	mh	8	rubra	Morus	red_mulberry	5.0	0.005000	26.300	0.002630	1	1	100	10	0.876761994	5.893153145	0.140986185	0.5	0.0002
691	mh	8	aquatica	Nyssa	water_tupelo	5.0	0.005000	26.300	0.002630	1	1	100	10	0.876761994	5.893153145	0.140986185	0.5	0.0002
692	mh	8	ogeche	Nyssa	Ogeechee_tupelo	5.0	0.005000	26.300	0.002630	1	1	100	10	0.876761994	5.893153145	0.140986185	0.5	0.0002
693	mh	8	sylvatica	Nyssa	blackgum	5.0	0.005000	26.300	0.002630	1	1	100	10	0.876761994	5.893153145	0.140986185	0.5	0.0002
694	mh	8	biflora	Nyssa	swamp_tupelo	5.0	0.005000	26.300	0.002630	1	1	100	10	0.876761994	5.893153145	0.140986185	0.5	0.0002
701	mh	8	virginiana	Ostrya	eastern_hophornbeam	5.0	0.005000	26.300	0.002630	1	1	100	10	0.876761994	5.893153145	0.140986185	0.5	0.0002
711	mh	8	arboreum	Oxydendrum	sourwood	5.0	0.005000	26.300	0.002630	1	1	100	10	0.876761994	5.893153145	0.140986185	0.5	0.0002
712	mh	8	tomentosa	Paulownia	paulownia_empress-tree	5.0	0.005000	26.300	0.002630	1	1	100	10	0.876761994	5.893153145	0.140986185	0.5	0.0002
721	mh	8	borbonia	Persea	redbay	5.0	0.005000	26.300	0.002630	1	1	100	10	0.876761994	5.893153145	0.140986185	0.5	0.0002
730	mh	8	racemosa	Platanus	California_sycamore	5.0	0.005000	26.300	0.002630	1	1	100	10	0.876761994	5.893153145	0.140986185	0.5	0.0002
731	mh	8	occidentalis	Platanus	American_sycamore	5.0	0.005000	26.300	0.002630	1	1	100	10	0.876761994	5.893153145	0.140986185	0.5	0.0002
740	aa	6	spp.	Populus	cottonwood_and_poplar_spp.	10.0	0.010000	102.500	0.010250	5	1	120	10	1.710329739	3.022592503	0.100342411	0.5	0.0002
741	aa	6	balsamifera	Populus	balsam_poplar	10.0	0.010000	102.500	0.010250	5	1	120	10	1.710329739	3.022592503	0.100342411	0.5	0.0002
742	aa	6	deltoides	Populus	eastern_cottonwood	10.0	0.010000	102.500	0.010250	5	1	120	10	1.710329739	3.022592503	0.100342411	0.5	0.0002
743	aa	6	grandidentata	Populus	bigtooth_aspen	10.0	0.010000	102.500	0.010250	5	1	120	10	1.710329739	3.022592503	0.100342411	0.5	0.0002
744	aa	6	heterophylla	Populus	swamp_cottonwood	10.0	0.010000	102.500	0.010250	5	1	120	10	1.710329739	3.022592503	0.100342411	0.5	0.0002
745	aa	6	deltoides	Populus	plains_cottonwood	10.0	0.010000	102.500	0.010250	5	1	120	10	1.710329739	3.022592503	0.100342411	0.5	0.0002
746	aa	6	tremuloides	Populus	quaking_aspen	10.0	0.010000	102.500	0.010250	5	1	120	10	1.710329739	3.022592503	0.100342411	0.5	0.0002
747	aa	6	balsamifera	Populus	black_cottonwood	10.0	0.010000	102.500	0.010250	5	1	120	10	1.710329739	3.022592503	0.100342411	0.5	0.0002
748	aa	6	fremontii	Populus	Fremont_cottonwood	10.0	0.010000	102.500	0.010250	5	1	120	10	1.710329739	3.022592503	0.100342411	0.5	0.0002
752	aa	6	alba	Populus	silver_poplar	10.0	0.010000	102.500	0.010250	5	1	120	10	1.710329739	3.022592503	0.100342411	0.5	0.0002
753	aa	6	nigra	Populus	Lombardy_poplar	10.0	0.010000	102.500	0.010250	5	1	120	10	1.710329739	3.022592503	0.100342411	0.5	0.0002
760	mh	8	spp.	Prunus	cherry_and_plum_spp.	5.0	0.005000	26.300	0.002630	1	1	100	10	0.876761994	5.893153145	0.140986185	0.5	0.0002
761	mh	8	pensylvanica	Prunus	pin_cherry	5.0	0.005000	26.300	0.002630	1	1	100	10	0.876761994	5.893153145	0.140986185	0.5	0.0002
762	mh	8	serotina	Prunus	black_cherry	5.0	0.005000	26.300	0.002630	1	1	100	10	0.876761994	5.893153145	0.140986185	0.5	0.0002
763	mh	8	virginiana	Prunus	chokecherry	5.0	0.005000	26.300	0.002630	1	1	100	10	0.876761994	5.893153145	0.140986185	0.5	0.0002
764	mh	8	persica	Prunus	peach	5.0	0.005000	26.300	0.002630	1	1	100	10	0.876761994	5.893153145	0.140986185	0.5	0.0002
764	wo	10	persica	Prunus	peach	5.0	0.005000	0.020	0.000002	1	1	120	10	0.589279575	260.6698292	0.8490006	0.5	0.0005
765	mh	8	nigra	Prunus	Canada_plum	5.0	0.005000	26.300	0.002630	1	1	100	10	0.876761994	5.893153145	0.140986185	0.5	0.0002
766	mh	8	americana	Prunus	American_plum	5.0	0.005000	26.300	0.002630	1	1	100	10	0.876761994	5.893153145	0.140986185	0.5	0.0002
800	wo	10	spp.	Quercus	oak_spp.	5.0	0.005000	0.020	0.000002	1	1	120	10	0.589279575	260.6698292	0.8490006	0.5	0.0005
801	mo	9	agrifolia	Quercus	California_live_oak	5.0	0.005000	168.000	0.016800	1	1	110	10	2.426847945	1.401491717	0.088682551	0.5	0.0002
802	mo	9	alba	Quercus	white_oak	5.0	0.005000	168.000	0.016800	1	1	110	10	2.426847945	1.401491717	0.088682551	0.5	0.0002
803	wo	10	arizonica	Quercus	Arizona_white_oak	5.0	0.005000	0.020	0.000002	1	1	120	10	0.589279575	260.6698292	0.8490006	0.5	0.0005
804	mo	9	bicolor	Quercus	swamp_white_oak	5.0	0.005000	168.000	0.016800	1	1	110	10	2.426847945	1.401491717	0.088682551	0.5	0.0002
805	mo	9	chrysolepis	Quercus	canyon_live_oak	5.0	0.005000	168.000	0.016800	1	1	110	10	2.426847945	1.401491717	0.088682551	0.5	0.0002
806	mo	9	coccinea	Quercus	scarlet_oak	5.0	0.005000	168.000	0.016800	1	1	110	10	2.426847945	1.401491717	0.088682551	0.5	0.0002
807	mo	9	douglasii	Quercus	blue_oak	5.0	0.005000	168.000	0.016800	1	1	110	10	2.426847945	1.401491717	0.088682551	0.5	0.0002
808	mo	9	sinuata	Quercus	Durand_oak	5.0	0.005000	168.000	0.016800	1	1	110	10	2.426847945	1.401491717	0.088682551	0.5	0.0002
809	mo	9	ellipsoidalis	Quercus	northern_pin_oak	5.0	0.005000	168.000	0.016800	1	1	110	10	2.426847945	1.401491717	0.088682551	0.5	0.0002
810	wo	10	emoryi	Quercus	Emory_oak	5.0	0.005000	0.020	0.000002	1	1	120	10	0.589279575	260.6698292	0.8490006	0.5	0.0005
811	mo	9	engelmannii	Quercus	Engelmann_oak	5.0	0.005000	168.000	0.016800	1	1	110	10	2.426847945	1.401491717	0.088682551	0.5	0.0002
812	mo	9	falcata	Quercus	southern_red_oak	5.0	0.005000	168.000	0.016800	1	1	110	10	2.426847945	1.401491717	0.088682551	0.5	0.0002
813	mo	9	pagoda	Quercus	cherrybark_oak	5.0	0.005000	168.000	0.016800	1	1	110	10	2.426847945	1.401491717	0.088682551	0.5	0.0002
814	wo	10	gambelii	Quercus	Gambel_oak	5.0	0.005000	0.020	0.000002	1	1	120	10	0.589279575	260.6698292	0.8490006	0.5	0.0005
815	mo	9	garryana	Quercus	Oregon_white_oak	5.0	0.005000	168.000	0.016800	1	1	110	10	2.426847945	1.401491717	0.088682551	0.5	0.0002
816	mo	9	ilicifolia	Quercus	scrub_oak	5.0	0.005000	168.000	0.016800	1	1	110	10	2.426847945	1.401491717	0.088682551	0.5	0.0002
817	mo	9	imbricaria	Quercus	shingle_oak	5.0	0.005000	168.000	0.016800	1	1	110	10	2.426847945	1.401491717	0.088682551	0.5	0.0002
818	mo	9	kelloggii	Quercus	California_black_oak	5.0	0.005000	168.000	0.016800	1	1	110	10	2.426847945	1.401491717	0.088682551	0.5	0.0002
819	mo	9	laevis	Quercus	turkey_oak	5.0	0.005000	168.000	0.016800	1	1	110	10	2.426847945	1.401491717	0.088682551	0.5	0.0002
820	mo	9	laurifolia	Quercus	laurel_oak	5.0	0.005000	168.000	0.016800	1	1	110	10	2.426847945	1.401491717	0.088682551	0.5	0.0002
821	mo	9	lobata	Quercus	California_white_oak	5.0	0.005000	168.000	0.016800	1	1	110	10	2.426847945	1.401491717	0.088682551	0.5	0.0002
822	mo	9	lyrata	Quercus	overcup_oak	5.0	0.005000	168.000	0.016800	1	1	110	10	2.426847945	1.401491717	0.088682551	0.5	0.0002
823	mo	9	macrocarpa	Quercus	bur_oak	5.0	0.005000	168.000	0.016800	1	1	110	10	2.426847945	1.401491717	0.088682551	0.5	0.0002
824	mo	9	marilandica	Quercus	blackjack_oak	5.0	0.005000	168.000	0.016800	1	1	110	10	2.426847945	1.401491717	0.088682551	0.5	0.0002
825	mo	9	michauxii	Quercus	swamp_chestnut_oak	5.0	0.005000	168.000	0.016800	1	1	110	10	2.426847945	1.401491717	0.088682551	0.5	0.0002
826	mo	9	muehlenbergii	Quercus	chinkapin_oak	5.0	0.005000	168.000	0.016800	1	1	110	10	2.426847945	1.401491717	0.088682551	0.5	0.0002
827	mo	9	nigra	Quercus	water_oak	5.0	0.005000	168.000	0.016800	1	1	110	10	2.426847945	1.401491717	0.088682551	0.5	0.0002
828	mo	9	texana	Quercus	Nuttall_oak	5.0	0.005000	168.000	0.016800	1	1	110	10	2.426847945	1.401491717	0.088682551	0.5	0.0002
829	wo	10	oblongifolia	Quercus	Mexican_blue_oak	5.0	0.005000	0.020	0.000002	1	1	120	10	0.589279575	260.6698292	0.8490006	0.5	0.0005
830	mo	9	palustris	Quercus	pin_oak	5.0	0.005000	168.000	0.016800	1	1	110	10	2.426847945	1.401491717	0.088682551	0.5	0.0002
831	mo	9	phellos	Quercus	willow_oak	5.0	0.005000	168.000	0.016800	1	1	110	10	2.426847945	1.401491717	0.088682551	0.5	0.0002
832	mo	9	prinus	Quercus	chestnut_oak	5.0	0.005000	168.000	0.016800	1	1	110	10	2.426847945	1.401491717	0.088682551	0.5	0.0002
833	mo	9	rubra	Quercus	northern_red_oak	5.0	0.005000	168.000	0.016800	1	1	110	10	2.426847945	1.401491717	0.088682551	0.5	0.0002
834	mo	9	shumardii	Quercus	Shumard_oak	5.0	0.005000	168.000	0.016800	1	1	110	10	2.426847945	1.401491717	0.088682551	0.5	0.0002
835	mo	9	stellata	Quercus	post_oak	5.0	0.005000	168.000	0.016800	1	1	110	10	2.426847945	1.401491717	0.088682551	0.5	0.0002
836	mo	9	similis	Quercus	Delta_post_oak	5.0	0.005000	168.000	0.016800	1	1	110	10	2.426847945	1.401491717	0.088682551	0.5	0.0002
837	mo	9	velutina	Quercus	black_oak	5.0	0.005000	168.000	0.016800	1	1	110	10	2.426847945	1.401491717	0.088682551	0.5	0.0002
838	mo	9	virginiana	Quercus	live_oak	5.0	0.005000	168.000	0.016800	1	1	110	10	2.426847945	1.401491717	0.088682551	0.5	0.0002
839	mo	9	wislizeni	Quercus	interior_live_oak	5.0	0.005000	168.000	0.016800	1	1	110	10	2.426847945	1.401491717	0.088682551	0.5	0.0002
840	mo	9	margarettiae	Quercus	dwarf_post_oak	5.0	0.005000	168.000	0.016800	1	1	110	10	2.426847945	1.401491717	0.088682551	0.5	0.0002
843	wo	10	hypoleucoides	Quercus	silverleaf_oak	5.0	0.005000	0.020	0.000002	1	1	120	10	0.589279575	260.6698292	0.8490006	0.5	0.0005
850	wo	10	?	Quercus	Evergreen_oak_spp.	5.0	0.005000	0.020	0.000002	1	1	120	10	0.589279575	260.6698292	0.8490006	0.5	0.0005
899	mo	9	?	?	scrub_oak	5.0	0.005000	168.000	0.016800	1	1	110	10	2.426847945	1.401491717	0.088682551	0.5	0.0002
901	mh	8	pseudoacacia	Robinia	black_locust	5.0	0.005000	26.300	0.002630	1	1	100	10	0.876761994	5.893153145	0.140986185	0.5	0.0002
902	wo	10	neomexicana	Robinia	New_Mexico_locust	5.0	0.005000	0.020	0.000002	1	1	120	10	0.589279575	260.6698292	0.8490006	0.5	0.0005
920	aa	6	spp.	Salix	willow_spp.	10.0	0.010000	102.500	0.010250	5	1	120	10	1.710329739	3.022592503	0.100342411	0.5	0.0002
921	aa	6	amygdaloides	Salix	peachleaf_willow	10.0	0.010000	102.500	0.010250	5	1	120	10	1.710329739	3.022592503	0.100342411	0.5	0.0002
922	aa	6	nigra	Salix	black_willow	10.0	0.010000	102.500	0.010250	5	1	120	10	1.710329739	3.022592503	0.100342411	0.5	0.0002
923	aa	6	bebbiana	Salix	Bebb_willow	10.0	0.010000	102.500	0.010250	5	1	120	10	1.710329739	3.022592503	0.100342411	0.5	0.0002
925	mh	8	caroliniana	Salix	coastal_plain_willow	5.0	0.005000	26.300	0.002630	1	1	100	10	0.876761994	5.893153145	0.140986185	0.5	0.0002
931	mh	8	albidum	Sassafras	sassafras	5.0	0.005000	26.300	0.002630	1	1	100	10	0.876761994	5.893153145	0.140986185	0.5	0.0002
935	mh	8	americana	Sorbus	American_mountain-ash	5.0	0.005000	26.300	0.002630	1	1	100	10	0.876761994	5.893153145	0.140986185	0.5	0.0002
936	mh	8	aucuparia	Sorbus	European_mountain-ash	5.0	0.005000	26.300	0.002630	1	1	100	10	0.876761994	5.893153145	0.140986185	0.5	0.0002
950	mh	8	spp.	Tilia	basswood_spp.	5.0	0.005000	26.300	0.002630	1	1	100	10	0.876761994	5.893153145	0.140986185	0.5	0.0002
951	mh	8	americana	Tilia	American_basswood	5.0	0.005000	26.300	0.002630	1	1	100	10	0.876761994	5.893153145	0.140986185	0.5	0.0002
952	mh	8	americana	Tilia	white_basswood	5.0	0.005000	26.300	0.002630	1	1	100	10	0.876761994	5.893153145	0.140986185	0.5	0.0002
970	mh	8	spp.	Ulmus	elm_spp.	5.0	0.005000	26.300	0.002630	1	1	100	10	0.876761994	5.893153145	0.140986185	0.5	0.0002
971	mh	8	alata	Ulmus	winged_elm	5.0	0.005000	26.300	0.002630	1	1	100	10	0.876761994	5.893153145	0.140986185	0.5	0.0002
972	mh	8	americana	Ulmus	American_elm	5.0	0.005000	26.300	0.002630	1	1	100	10	0.876761994	5.893153145	0.140986185	0.5	0.0002
973	mh	8	crassifolia	Ulmus	cedar_elm	5.0	0.005000	26.300	0.002630	1	1	100	10	0.876761994	5.893153145	0.140986185	0.5	0.0002
974	mh	8	pumila	Ulmus	Siberian_elm	5.0	0.005000	26.300	0.002630	1	1	100	10	0.876761994	5.893153145	0.140986185	0.5	0.0002
975	mh	8	rubra	Ulmus	slippery_elm	5.0	0.005000	26.300	0.002630	1	1	100	10	0.876761994	5.893153145	0.140986185	0.5	0.0002
976	mh	8	serotina	Ulmus	September_elm	5.0	0.005000	26.300	0.002630	1	1	100	10	0.876761994	5.893153145	0.140986185	0.5	0.0002
977	mh	8	thomasii	Ulmus	rock_elm	5.0	0.005000	26.300	0.002630	1	1	100	10	0.876761994	5.893153145	0.140986185	0.5	0.0002
980	mh	8	fordii	?	Tung-oil_tree	5.0	0.005000	26.300	0.002630	1	1	100	10	0.876761994	5.893153145	0.140986185	0.5	0.0002
981	mh	8	californica	Umbellularia	California_laurel	5.0	0.005000	26.300	0.002630	1	1	100	10	0.876761994	5.893153145	0.140986185	0.5	0.0002
983	mh	8	azedarach	Melia	Chinaberry	5.0	0.005000	26.300	0.002630	1	1	100	10	0.876761994	5.893153145	0.140986185	0.5	0.0002
984	mh	8	aquatica	Planera	Water-elm	5.0	0.005000	26.300	0.002630	1	1	100	10	0.876761994	5.893153145	0.140986185	0.5	0.0002
985	mh	8	obovatus	Cotinus	Smoketree	5.0	0.005000	26.300	0.002630	1	1	100	10	0.876761994	5.893153145	0.140986185	0.5	0.0002
986	wo	10	germinans	Avicennia	black_mangrove	5.0	0.005000	0.020	0.000002	1	1	120	10	0.589279575	260.6698292	0.8490006	0.5	0.0005
990	wo	10	tesota	Olneya	desert_ironwood	5.0	0.005000	0.020	0.000002	1	1	120	10	0.589279575	260.6698292	0.8490006	0.5	0.0005
1000	mh	8	?	?	Hardwoods_(general)	5.0	0.005000	26.300	0.002630	1	1	100	10	0.876761994	5.893153145	0.140986185	0.5	0.0002